Model loaded succeed
precision:0.3617021276595745
recall:0.3148148148148148
f_measure_index:0.33663366336633666
lda
Perplexity: 
[-3570.1468124985695, -3970.245462357998, -4251.551272117035, -4490.75987128125, -4640.526568064358, -4752.610965485965, -4992.713289838501, -5035.096987256672, -5278.6329359867905, -5262.168084561825, -5295.0236800313, -5460.46586060524, -5360.798447792138, -5710.361511744126, -5622.145802773101, -5661.582158606716, -5661.108941105347, -5707.101700209515, -5696.106255370907, -5764.865638017654, -5982.741998456852, -6075.448923885822]
number of topics
115
[2, 1, 1, 0, 1, 2, 1, 1, 1, 1, 1, 1, 2, 2, 1, 1, 1, 1, 1, 1, 2, 1, 1, 2, 1, 1, 1, 0, 1, 1, 0, 2, 1, 1, 2, 1, 1, 1, 1, 1, 1, 1, 1, 1, 0, 1, 1, 0, 1]
[2, 2, 1, 1, 1, 2, 2, 1, 2, 1, 1, 2, 2, 1, 1, 1, 2, 2, 0, 1, 2, 1, 1, 2, 1, 1, 2, 2, 1, 2, 2, 2, 2, 2, 1, 2, 2, 1, 2, 1, 1, 1, 2, 1, 2, 1, 1, 2, 2]
precision:0.36985507246376814
recall:0.4351851851851852
f_measure_index:0.3998693150374386